234
168
156
68
154
209
4
81
69
30
119
86
210
3
128
59
102
167
127
190
232
239
215
155
158
246
179
120
78
101
218
97
77
238
98
12
62
151
6
25
122
49
141
186
237
146
110
92
134
72
84
66
113
91
0
18
60
51
169
195
41
172
58
87
94
35
109
203
63
247
42
174
145
70
43
21
177
88
112
225
85
89
7
13
107
75
45
5
245
148
139
192
27
193
104
231
130
100
223
24
248
29
50
2
33
36
64
147
47
71
108
28
153
22
17
114
48
161
157
202
44
178
132
224
149
142
90
105
180
175
230
56
9
11
185
197
227
133
16
95
79
140
173
32
103
55
115
117
166
184
152
204
200
80
125
83
228
67
189
136
65
14
163
171
244
144
243
217
213
46
191
254
198
106
208
138
96
219
126
222
118
37
252
235
93
54
123
165
121
99
124
233
236
212
176
205
57
242
164
31
188
61
201
196
249
131
250
181
53
221
253
241
207
226
160
143
137
19
135
183
182
170
26
23
162
10
255
52
15
199
129
74
20
229
214
220
150
111
206
240
38
216
1
34
40
73
194
82
8
187
39
159
116
211
251
76