203
18
198
121
213
202
61
64
254
235
88
236
28
242
75
10
167
102
171
54
1
177
56
11
146
131
214
160
255
228
12
114
71
21
217
218
229
169
144
207
187
8
233
222
111
158
43
44
180
161
124
82
22
5
195
168
249
163
151
0
145
50
181
148
80
174
231
234
178
226
16
35
41
182
110
238
239
119
76
212
29
201
250
90
170
128
2
91
252
87
147
55
251
73
53
109
227
143
118
15
115
85
172
45
216
253
81
139
106
77
105
210
159
113
133
97
46
72
196
209
92
63
23
74
219
194
13
108
134
208
116
215
39
155
140
184
130
17
42
164
83
185
93
211
26
192
248
138
31
197
205
57
34
94
189
79
101
220
125
241
14
65
51
127
176
6
37
98
154
48
126
69
156
47
175
117
19
149
191
186
223
243
245
30
173
190
129
221
68
240
84
141
86
225
244
152
204
3
95
166
137
4
89
157
60
246
7
58
104
165
36
136
25
247
120
100
188
96
40
38
70
107
103
132
20
59
78
150
24
206
123
224
162
62
179
67
52
237
199
99
183
33
232
200
135
193
142
66
49
122
9
153
230
32
27
112