3
60
97
210
191
59
81
4
211
195
44
8
68
234
65
209
79
83
147
255
82
76
33
40
52
34
157
143
54
37
162
156
149
24
206
20
188
46
16
166
178
236
22
220
9
150
103
88
227
85
41
1
233
70
235
249
168
224
48
30
84
240
138
175
53
2
223
242
187
96
144
45
124
91
26
15
112
92
177
55
72
90
129
201
23
14
174
182
159
208
171
212
221
152
80
118
180
160
109
238
93
161
99
35
215
185
61
127
116
219
95
121
252
141
125
198
169
29
179
10
119
122
170
51
77
57
89
164
130
87
106
216
237
135
36
136
134
189
6
108
102
253
115
254
110
225
173
181
25
241
193
194
131
104
17
167
243
222
133
197
128
75
74
139
38
42
228
199
126
151
154
32
114
230
148
58
247
71
213
67
231
101
153
0
248
78
250
251
28
50
145
113
49
192
183
73
142
203
105
207
62
64
13
214
18
200
123
117
94
27
140
184
31
19
100
120
229
226
11
176
5
132
43
107
218
202
190
158
21
217
7
163
12
137
196
186
146
39
98
172
244
56
66
246
155
205
204
232
86
63
111
245
47
69
165
239