133
252
37
240
254
158
215
33
213
5
94
188
172
189
110
52
233
141
63
144
116
45
4
48
209
132
96
105
16
97
71
101
12
197
57
77
8
135
54
212
139
229
167
41
165
202
128
104
140
7
220
106
79
235
70
245
153
115
40
182
186
210
231
73
119
112
181
17
127
157
255
76
222
0
75
184
2
80
35
207
129
183
72
244
200
43
239
30
18
193
122
166
39
148
92
58
36
95
117
136
163
123
28
177
81
130
216
187
82
218
160
50
60
83
203
228
155
250
247
146
53
171
246
173
20
206
176
120
185
205
1
61
251
46
180
238
253
234
78
100
113
134
224
191
65
31
51
223
192
21
208
217
107
88
242
22
114
124
3
24
103
26
248
178
13
190
198
204
69
11
32
154
243
66
152
118
179
162
211
145
138
156
168
91
74
6
29
237
99
121
67
102
137
25
90
175
98
125
143
55
86
56
38
226
159
23
161
109
44
111
227
15
225
196
108
164
236
214
151
89
195
34
14
131
219
150
42
59
241
194
85
93
149
49
19
84
10
221
142
68
201
64
230
170
169
87
199
47
62
147
27
249
232
126
9
174