211
231
89
169
125
239
30
195
3
4
152
139
48
69
21
76
166
31
49
251
140
209
5
172
45
248
41
20
221
176
100
90
164
75
123
143
178
121
39
79
188
127
55
96
42
2
184
73
116
194
157
36
212
56
64
109
118
23
68
81
179
155
252
104
208
150
18
32
229
220
237
52
214
216
197
128
202
205
10
22
204
156
199
114
224
238
158
215
181
53
86
233
54
44
87
168
106
218
249
14
246
57
11
146
182
66
0
236
227
95
219
46
138
225
191
13
210
142
84
177
193
62
163
107
105
161
97
149
230
80
180
91
144
50
1
43
47
126
111
71
25
232
200
203
241
141
131
159
102
110
119
85
173
175
154
207
244
226
213
26
15
24
132
8
228
9
38
129
189
28
17
242
201
130
94
153
186
108
133
19
60
183
58
61
34
27
98
255
151
135
196
192
147
113
101
88
29
254
77
167
122
235
198
124
223
115
206
245
148
78
82
103
83
67
162
12
187
222
99
37
33
74
136
51
160
112
165
174
65
7
217
170
120
63
145
247
35
16
250
40
243
70
185
93
240
92
72
253
171
137
6
117
134
234
190
59