218
76
104
91
105
118
135
11
160
99
228
9
70
162
74
231
179
214
16
122
129
60
151
64
138
241
102
254
63
88
234
80
17
107
185
203
165
215
147
84
190
111
19
192
8
117
93
37
204
47
25
250
247
68
172
112
239
14
56
50
166
0
52
89
114
245
10
12
78
113
171
252
31
210
173
170
249
101
18
67
116
87
82
208
238
224
153
121
35
201
144
186
137
38
156
59
142
211
202
23
103
230
195
159
46
206
155
6
72
133
213
182
45
226
77
94
216
106
79
223
243
255
15
75
125
130
175
154
57
90
29
169
86
81
98
200
194
71
127
126
157
217
43
143
248
222
26
146
41
34
244
134
197
97
149
196
119
225
219
131
163
51
65
42
152
139
44
140
108
33
164
120
53
161
13
158
233
189
95
55
209
92
174
240
110
187
1
62
5
30
207
96
39
220
205
176
180
20
191
145
251
40
148
83
177
136
66
150
198
229
199
246
124
22
69
32
27
141
4
73
28
21
115
24
3
109
178
58
132
253
232
128
242
221
167
212
181
49
36
235
193
48
123
184
61
183
227
7
237
54
236
2
85
100
188
168