117
154
236
199
168
77
106
230
245
130
165
198
217
181
167
149
75
128
90
193
216
164
66
85
12
67
224
174
205
229
146
49
209
166
28
158
228
250
87
24
38
97
110
200
94
218
141
27
0
40
23
215
26
253
134
213
191
157
7
180
107
204
242
6
237
160
189
138
176
115
208
120
170
140
233
31
95
221
108
241
155
147
169
171
41
102
143
36
69
144
201
197
92
190
39
125
30
2
133
25
226
11
57
100
1
5
116
89
61
202
112
98
32
103
118
8
129
135
51
71
251
244
124
179
59
99
127
76
195
16
81
82
53
29
182
192
235
223
175
177
14
70
96
153
22
184
247
234
238
55
255
172
186
111
231
65
62
246
109
212
83
79
196
13
178
148
188
210
18
123
60
252
86
4
42
203
173
10
249
34
17
137
254
227
19
73
46
119
206
142
132
43
156
136
63
78
50
58
239
21
243
47
139
163
126
220
151
3
9
88
91
225
15
248
35
45
37
93
161
187
185
145
113
84
150
219
152
20
207
68
48
214
52
101
74
131
162
80
121
194
122
232
33
222
72
54
240
56
114
183
104
211
64
159
44
105