145
115
66
144
247
197
137
229
196
187
85
56
42
124
2
136
143
100
182
240
114
43
236
165
238
109
32
79
50
230
31
1
192
158
175
166
64
39
121
20
235
33
95
17
48
21
177
161
244
44
242
156
105
139
178
248
173
252
9
63
203
255
23
206
129
65
246
41
195
154
210
14
234
171
239
146
110
29
103
219
119
36
53
140
138
45
75
147
163
199
91
77
135
194
250
131
183
167
34
52
18
88
78
128
49
89
62
5
243
55
22
16
224
108
186
232
237
92
254
184
72
0
181
153
212
73
185
113
176
98
101
86
169
221
90
209
38
222
28
141
120
13
60
179
112
71
168
170
12
202
204
152
118
123
220
160
116
189
67
59
35
174
245
70
134
68
47
208
226
111
96
157
82
37
217
107
191
225
19
133
200
106
51
122
249
99
80
155
6
54
3
164
215
149
180
57
205
84
233
218
61
188
253
69
93
231
104
132
7
11
201
10
162
213
83
102
4
126
27
130
127
117
76
58
207
241
172
24
150
148
94
159
25
81
211
125
15
46
87
190
227
8
97
223
251
142
193
198
216
30
151
74
228
214
40
26