93
84
30
44
23
102
89
90
246
156
210
227
119
248
71
79
209
202
230
7
178
166
183
208
233
69
118
136
123
182
110
195
75
164
221
43
140
73
161
76
82
180
146
153
204
141
218
121
8
144
168
187
52
243
114
124
41
125
193
97
60
94
247
135
172
225
196
173
1
58
85
212
249
228
12
95
31
28
207
35
42
4
190
64
191
77
192
37
67
40
47
45
206
169
99
157
236
184
214
105
3
16
80
55
176
137
13
106
139
128
15
88
186
150
224
0
152
6
231
167
68
232
213
17
14
39
81
24
49
11
127
38
194
175
229
143
86
74
29
21
59
62
203
200
162
2
242
19
239
100
48
237
32
50
51
10
70
245
163
120
219
149
189
116
216
72
91
165
132
205
107
131
235
147
155
96
138
65
170
159
179
5
220
198
234
250
78
217
92
104
18
158
130
174
33
46
111
115
238
177
253
201
61
109
145
254
54
226
240
98
188
160
112
181
241
197
36
117
87
215
101
126
20
154
103
83
129
113
108
251
255
133
26
185
223
252
22
57
27
53
56
244
63
211
148
151
9
122
134
66
142
222
171
34
199
25