131
214
64
205
74
207
114
198
173
13
151
230
73
200
105
31
112
76
227
98
137
83
228
104
225
203
18
110
199
56
136
61
15
219
190
241
66
119
204
202
185
47
174
181
161
212
120
48
147
111
223
62
2
176
89
179
196
126
88
201
109
87
222
172
135
233
41
246
253
159
142
141
231
183
160
149
79
169
102
158
39
0
221
30
189
108
22
244
96
50
180
150
129
28
155
145
171
26
84
71
32
9
148
113
243
178
156
134
49
24
75
193
226
45
132
4
92
237
249
25
46
36
17
213
21
42
235
128
139
240
86
101
29
53
122
162
127
23
194
14
177
187
69
248
143
52
211
220
10
20
121
6
3
40
170
239
215
138
107
218
164
95
191
130
5
57
33
54
224
44
163
93
81
8
99
67
245
238
51
58
124
216
19
90
254
217
251
250
152
208
118
35
116
146
91
68
144
34
65
59
1
97
195
60
157
234
165
186
11
7
63
12
209
153
43
103
232
252
94
70
38
125
100
133
197
166
206
55
77
78
27
154
184
82
168
117
192
72
255
175
182
37
188
242
80
210
16
229
106
140
85
247
236
115
123
167