40
98
197
126
28
66
12
20
172
143
132
55
213
155
38
1
187
122
113
214
10
36
77
3
106
94
54
195
157
24
61
136
215
37
168
4
207
17
96
229
167
212
139
39
67
47
201
107
35
117
221
209
127
95
160
217
206
205
133
120
27
69
29
173
246
134
129
135
79
16
226
180
251
108
89
243
253
23
140
8
181
43
223
103
92
183
130
164
204
93
141
236
41
74
200
123
45
235
7
101
208
58
254
227
149
239
162
233
146
56
70
154
142
171
151
241
189
138
78
82
170
83
119
73
33
153
26
182
174
115
52
71
222
242
76
156
2
169
247
91
63
112
87
99
13
86
175
72
137
198
163
245
104
131
46
178
15
237
48
97
244
176
152
22
65
19
21
18
210
125
121
50
184
158
248
161
6
216
68
9
250
238
57
100
148
179
231
124
191
32
165
147
192
49
14
51
252
11
5
188
31
218
110
255
199
80
118
85
34
84
177
114
62
42
0
30
166
144
203
75
105
44
90
88
64
232
196
230
228
249
109
193
81
25
190
111
116
220
60
211
128
219
59
53
234
224
159
202
225
102
186
194
150
240
145
185