197
83
40
183
65
145
53
94
26
148
33
161
176
136
191
124
249
60
204
36
221
214
44
97
222
20
177
248
140
48
200
155
170
133
178
34
123
243
227
109
206
85
153
146
230
186
32
56
16
236
10
251
245
73
175
79
167
108
37
208
202
90
225
235
81
247
25
184
217
35
180
226
209
205
211
17
179
216
157
58
49
240
137
50
71
126
19
193
113
30
142
117
82
5
61
207
144
173
166
189
120
8
13
96
119
190
80
194
39
107
51
244
141
252
21
11
101
86
112
41
215
98
149
95
132
139
172
163
42
0
237
92
106
114
255
234
6
238
134
224
18
78
100
110
254
138
160
192
223
203
182
127
218
64
15
168
46
52
24
3
154
213
105
57
28
130
151
63
14
228
128
103
135
9
195
55
2
23
75
158
31
169
22
87
143
253
62
1
38
201
59
159
72
181
210
70
171
241
74
118
250
104
99
76
102
162
188
212
4
232
54
242
231
174
115
93
7
45
198
68
152
77
69
219
131
84
185
67
125
187
229
164
246
129
239
150
220
116
122
89
121
88
165
12
156
91
147
27
29
199
47
233
111
43
66
196