248
41
195
119
107
79
90
89
34
97
68
134
44
93
219
102
59
10
106
129
122
25
176
148
113
211
231
197
250
5
103
30
14
105
27
26
253
205
29
239
232
130
150
252
194
22
162
28
86
42
60
63
158
228
198
145
84
17
152
156
168
53
96
11
240
55
214
115
66
138
72
192
18
243
20
108
207
121
31
2
144
81
255
61
154
149
212
101
222
155
116
174
98
48
50
179
49
241
196
164
234
6
104
225
183
229
201
230
171
65
21
92
220
146
51
235
193
16
118
83
210
82
126
125
75
111
4
238
236
135
147
244
204
87
137
120
8
163
161
15
209
188
242
131
218
35
203
226
76
160
169
9
254
99
224
202
91
159
74
143
71
77
133
47
56
85
70
251
170
73
23
200
0
127
40
247
58
128
132
245
157
182
186
114
3
123
54
199
88
80
249
52
180
45
215
151
39
173
24
112
140
13
64
223
124
32
78
19
172
206
62
100
177
117
184
136
185
181
175
33
37
213
12
191
110
167
7
233
95
165
190
189
43
36
109
153
141
142
221
94
216
38
187
69
208
46
237
178
227
1
57
67
139
246
217
166