13
137
254
15
37
78
115
173
198
131
95
245
21
201
48
54
123
129
138
10
214
221
51
110
16
235
1
104
209
191
208
32
205
28
166
175
249
14
52
206
109
153
85
180
2
42
155
105
222
22
36
157
161
132
34
188
229
215
65
200
185
184
147
20
100
9
122
90
118
106
146
39
140
170
11
210
165
164
251
194
141
242
83
234
182
46
111
23
86
162
181
57
76
219
120
187
220
94
178
121
61
233
197
237
224
84
93
58
226
152
44
238
49
72
176
211
128
113
66
255
108
223
91
33
73
212
203
92
186
12
96
163
35
43
41
50
67
244
158
119
250
145
81
97
40
204
4
171
98
172
71
55
195
143
183
7
126
227
38
99
169
151
56
117
133
150
213
31
243
75
101
156
69
247
218
127
230
193
228
134
63
154
236
246
64
59
102
177
24
136
253
29
252
142
17
77
192
89
88
217
18
248
3
82
62
30
79
139
160
239
124
240
199
47
53
80
168
116
26
125
107
70
135
5
148
190
202
6
68
207
167
216
87
60
232
130
144
45
25
241
189
74
179
0
103
149
225
196
159
231
174
8
19
114
112
27