64
36
131
108
5
123
242
203
235
254
21
67
95
61
152
250
78
255
96
83
223
98
125
218
29
198
63
99
102
107
155
200
46
88
239
11
145
149
113
27
196
186
42
49
55
85
208
24
159
150
137
231
6
213
211
253
185
183
219
32
229
100
106
26
184
194
82
81
179
147
141
142
62
126
175
119
217
238
199
9
146
115
10
93
101
205
57
154
227
103
226
111
25
65
136
66
252
172
232
92
201
158
143
204
17
168
234
247
181
48
68
164
180
144
33
34
71
52
187
129
15
214
243
176
151
174
173
121
153
43
138
189
225
12
60
80
245
216
233
210
54
249
90
195
148
237
89
116
221
94
128
2
97
197
215
190
170
86
56
104
193
73
38
19
74
22
132
177
91
77
182
30
246
58
110
230
127
169
70
8
1
23
130
69
13
79
209
31
105
120
188
16
220
39
224
75
45
4
28
165
124
3
248
122
140
156
59
47
241
166
18
53
251
139
240
50
84
171
20
51
191
228
87
37
40
7
167
161
44
112
202
244
135
41
178
236
72
192
76
160
163
133
118
114
162
14
35
109
222
157
212
134
117
0
207
206